1,1,122.96,335.46,130.94,63.920000000000016,1,1,1.0
1,2,206.56,248.92,98.44,44.25000000000003,1,1,1.0
1,3,732.79,265.72,71.88999999999999,39.94,1,1,1.0
2,1,94.45,331.0,142.55,63.89999999999998,1,1,1.0
2,2,206.56,248.92,98.44,44.28999999999999,1,1,1.0
2,3,721.2,266.61,71.88999999999999,39.94,1,1,1.0
3,1,75.74,337.24,142.55,63.89999999999998,1,1,1.0
3,2,206.56,248.92,98.44,44.32000000000002,1,1,1.0
3,3,707.84,270.17,71.88999999999999,39.94,1,1,1.0
4,1,51.68,341.69,142.54999999999998,63.89999999999998,1,1,1.0
4,2,206.56,248.92,98.44,44.359999999999985,1,1,1.0
4,3,694.47,271.06,71.88999999999999,39.94,1,1,1.0
5,1,21.38,343.48,152.32,65.71999999999997,1,1,1.0
5,2,206.56,248.92,98.44,44.390000000000015,1,1,1.0
5,3,677.78,270.2,75.92000000000007,43.30000000000001,1,1,1.0
6,1,1.41,348.8,152.32,65.72999999999996,1,1,1.0
6,2,206.56,248.92,98.44,44.430000000000035,1,1,1.0
6,3,665.8,272.2,75.92000000000007,43.30000000000001,1,1,1.0
7,1,0.0,354.13,125.11,67.67000000000002,1,1,1.0
7,2,206.56,248.92,98.44,44.46000000000001,1,1,1.0
7,3,650.49,276.86,77.21000000000004,43.339999999999975,1,1,1.0
8,1,0.0,358.6,103.7,70.29999999999995,1,1,1.0
8,2,206.56,248.92,98.44,44.50000000000003,1,1,1.0
8,3,635.34,279.53,82.55999999999995,43.370000000000005,1,1,1.0
9,1,0.0,359.5,81.4,69.39999999999998,1,1,1.0
9,2,206.56,248.92,98.44,44.53,1,1,1.0
9,3,618.41,280.42,82.56000000000006,43.370000000000005,1,1,1.0
10,1,0.0,359.5,57.3,69.39999999999998,1,1,1.0
10,2,206.56,248.92,98.44,44.57000000000002,1,1,1.0
10,3,605.04,283.07,86.09000000000003,43.389999999999986,1,1,1.0
11,1,0.0,362.2,35.0,66.69999999999999,1,1,1.0
11,2,206.56,248.92,98.44,44.599999999999994,1,1,1.0
11,3,588.11,283.96,91.38999999999999,46.04000000000002,1,1,1.0
12,2,206.56,248.92,98.44,44.640000000000015,1,1,1.0
12,3,573.85,287.53,91.38999999999999,46.03000000000003,1,1,1.0
13,2,206.56,248.92,98.44,44.66999999999999,1,1,1.0
13,3,556.92,290.2,91.38999999999999,46.04000000000002,1,1,1.0
14,2,206.56,248.92,98.44,44.71000000000001,1,1,1.0
14,3,542.67,290.2,91.38,46.04000000000002,1,1,1.0
15,2,206.56,248.92,98.44,44.74000000000004,1,1,1.0
15,3,527.52,294.66,91.38999999999999,46.02999999999997,1,1,1.0
16,2,206.56,248.92,98.44,44.78,1,1,1.0
16,3,510.59,296.44,91.39000000000004,46.03000000000003,1,1,1.0
17,2,206.56,248.92,98.44,44.81000000000003,1,1,1.0
17,3,496.33,297.33,91.39000000000004,46.04000000000002,1,1,1.0
18,2,206.56,248.92,98.44,44.849999999999994,1,1,1.0
18,3,475.83,301.79,91.39000000000004,46.02999999999997,1,1,1.0
19,2,206.56,248.92,98.44,44.880000000000024,1,1,1.0
19,3,458.9,300.89,96.70000000000005,54.910000000000025,1,1,1.0
20,2,206.56,248.92,98.44,44.91999999999999,1,1,1.0
20,3,437.52,304.46,96.69000000000005,54.900000000000034,1,1,1.0
21,2,206.56,248.92,98.44,44.95000000000002,1,1,1.0
21,3,424.15,306.24,96.70000000000005,54.90999999999997,1,1,1.0
22,2,206.56,248.92,98.44,44.99000000000004,1,1,1.0
22,3,405.44,307.13,107.35999999999996,59.370000000000005,1,1,1.0
23,2,206.56,248.92,98.44,45.02000000000001,1,1,1.0
23,3,386.73,309.8,107.35999999999996,59.370000000000005,1,1,1.0
24,2,206.56,248.92,98.44,45.06000000000003,1,1,1.0
24,3,366.23,314.26,109.16999999999996,59.34000000000003,1,1,1.0
25,2,206.56,248.92,98.44,45.09,1,1,1.0
25,3,347.52,318.72,116.28000000000003,61.079999999999984,1,1,1.0
26,2,206.56,248.92,98.44,45.130000000000024,1,1,1.0
26,3,324.35,319.61,116.27999999999997,61.079999999999984,1,1,1.0
27,2,206.56,248.92,98.44,45.16,1,1,1.0
27,3,305.64,324.06,116.28000000000003,61.089999999999975,1,1,1.0
28,2,206.56,248.92,98.44,45.20000000000002,1,1,1.0
28,3,287.82,331.19,116.28000000000003,61.079999999999984,1,1,1.0
29,2,206.56,248.92,98.44,45.22999999999999,1,1,1.0
29,3,263.76,332.08,123.44,65.52000000000004,1,1,1.0
30,2,206.56,248.92,98.44,45.27000000000001,1,1,1.0
30,3,245.94,333.87,123.44,65.50999999999999,1,1,1.0
31,2,206.56,248.92,98.44,45.30000000000004,1,1,1.0
31,3,220.98,336.54,123.45000000000002,65.51999999999998,1,1,1.0
32,2,206.56,248.92,98.44,45.34,1,1,1.0
32,3,200.49,342.78,130.61,68.22000000000003,1,1,1.0
33,2,206.56,248.92,98.44,45.37000000000003,1,1,1.0
33,3,174.65,347.23,138.65,69.07,1,1,1.0
34,2,206.56,248.92,98.44,45.41,1,1,1.0
34,3,149.7,349.91,138.65000000000003,69.06,1,1,1.0
35,2,206.56,248.92,98.44,45.440000000000026,1,1,1.0
35,3,128.31,355.25,138.64999999999998,69.07,1,1,1.0
36,2,206.56,248.92,98.44,45.47999999999999,1,1,1.0
36,3,99.8,357.92,148.5,76.18,1,1,1.0
37,2,206.56,248.92,98.44,45.51000000000002,1,1,1.0
37,3,73.96,362.38,150.24,76.22000000000003,1,1,1.0
38,2,206.56,248.92,98.44,45.55000000000004,1,1,1.0
38,3,47.22,366.84,150.25,76.22000000000003,1,1,1.0
39,2,206.56,248.92,98.44,45.58000000000001,1,1,1.0
39,3,16.04,373.96,164.46,78.94,1,1,1.0
40,2,206.56,248.92,98.44,45.62000000000003,1,1,1.0
40,3,0.0,375.75,158.22,78.93,1,1,1.0
41,2,206.56,248.92,98.44,45.650000000000006,1,1,1.0
41,3,0.0,381.99,131.49,78.93,1,1,1.0
42,2,206.56,248.92,98.44,45.690000000000026,1,1,1.0
42,3,0.0,385.55,100.3,78.93,1,1,1.0
43,2,206.56,248.92,98.44,45.72,1,1,1.0
43,3,0.0,388.22,80.7,78.94,1,1,1.0
44,2,206.56,248.92,98.44,45.76000000000002,1,1,1.0
44,3,0.0,393.57,53.07,78.94,1,1,1.0
45,2,206.56,248.92,98.44,45.78999999999999,1,1,1.0
45,3,0.0,398.9,27.2,73.61000000000001,1,1,1.0
46,2,206.56,248.92,98.44,45.83000000000001,1,1,1.0
47,2,206.56,248.92,98.44,45.859999999999985,1,1,1.0
48,2,206.56,248.92,98.44,45.900000000000006,1,1,1.0
49,2,206.56,248.92,98.44,45.930000000000035,1,1,1.0
50,2,206.56,248.92,98.44,45.97,1,1,1.0
51,2,206.56,248.92,98.44,46.00000000000003,1,1,1.0
52,2,206.56,248.92,98.44,46.03999999999999,1,1,1.0
52,4,944.79,225.95,13.370000000000005,51.68000000000001,1,1,1.0
53,2,206.56,248.92,98.44,46.07000000000002,1,1,1.0
53,4,941.58,226.95,17.5,57.160000000000025,1,1,1.0
54,2,206.56,248.92,98.44,46.109999999999985,1,1,1.0
54,4,938.38,227.94,21.620000000000005,62.64999999999998,1,1,1.0
55,2,206.56,248.92,98.44,46.140000000000015,1,1,1.0
55,4,929.4,226.9,30.600000000000023,63.68999999999997,1,1,1.0
56,2,206.56,248.92,98.44,46.180000000000035,1,1,1.0
56,4,923.4,228.4,36.60000000000002,62.18999999999997,1,1,1.0
57,2,206.56,248.92,98.44,46.21000000000001,1,1,1.0
57,4,917.45,226.15,42.549999999999955,64.68999999999997,1,1,1.0
58,2,206.56,248.92,98.44,46.25000000000003,1,1,1.0
58,4,911.5,223.9,48.5,67.20000000000002,1,1,1.0
59,2,206.56,248.92,98.44,46.28,1,1,1.0
59,4,908.75,225.15,51.25,65.95000000000002,1,1,1.0
60,2,206.56,248.92,98.44,46.32000000000002,1,1,1.0
60,4,906.0,226.4,54.0,64.70000000000002,1,1,1.0
61,2,206.56,248.92,98.44,46.349999999999994,1,1,1.0
61,4,900.0,226.9,60.0,64.20000000000002,1,1,1.0
62,2,206.56,248.92,98.44,46.390000000000015,1,1,1.0
62,4,893.3,224.7,66.70000000000005,71.30000000000001,1,1,1.0
63,2,206.56,248.92,98.44,46.41999999999999,1,1,1.0
63,4,886.6,222.5,73.39999999999998,78.39999999999998,1,1,1.0
64,2,206.56,248.92,98.44,46.46000000000001,1,1,1.0
64,4,883.93,222.5,76.07000000000005,81.05000000000001,1,1,1.0
65,2,206.56,248.92,98.44,46.49000000000004,1,1,1.0
65,4,881.25,222.5,78.75,83.69999999999999,1,1,1.0
66,2,206.56,248.92,98.44,46.53,1,1,1.0
66,4,866.1,224.3,93.89999999999998,81.89999999999998,1,1,1.0
67,2,206.56,248.92,98.44,46.56000000000003,1,1,1.0
67,4,861.65,224.3,98.35000000000002,85.89999999999998,1,1,1.0
68,2,206.56,248.92,98.44,46.599999999999994,1,1,1.0
68,4,857.2,224.3,102.79999999999995,89.89999999999998,1,1,1.0
69,2,206.56,248.92,98.44,46.630000000000024,1,1,1.0
69,4,851.9,224.3,108.10000000000002,89.89999999999998,1,1,1.0
70,2,206.56,248.92,98.44,46.66999999999999,1,1,1.0
70,4,845.7,224.3,114.29999999999995,89.89999999999998,1,1,1.0
71,2,206.56,248.92,98.44,46.70000000000002,1,1,1.0
71,4,835.9,224.3,124.10000000000002,89.89999999999998,1,1,1.0
72,2,206.56,248.92,98.44,46.74000000000004,1,1,1.0
72,4,828.35,226.1,131.64999999999998,88.1,1,1,1.0
73,2,206.56,248.92,98.44,46.77000000000001,1,1,1.0
73,4,820.8,227.9,139.20000000000005,86.29999999999998,1,1,1.0
74,2,206.56,248.92,98.44,46.81000000000003,1,1,1.0
74,4,819.0,227.9,141.0,92.49999999999997,1,1,1.0
75,2,206.56,248.92,98.44,46.849999999999994,1,1,1.0
75,4,803.9,227.9,156.10000000000002,91.6,1,1,1.0
76,2,206.56,248.92,98.44,46.880000000000024,1,1,1.0
76,4,795.9,227.9,164.10000000000002,92.49999999999997,1,1,1.0
77,2,206.56,248.92,98.44,46.91999999999999,1,1,1.0
77,4,787.9,227.9,172.10000000000002,95.20000000000002,1,1,1.0
78,2,206.56,248.92,98.44,46.95000000000002,1,1,1.0
78,4,780.8,227.9,179.20000000000005,106.79999999999998,1,1,1.0
79,2,206.56,248.92,98.44,46.99000000000004,1,1,1.0
79,4,777.2,227.9,182.79999999999995,107.70000000000002,1,1,1.0
80,2,206.56,248.92,98.44,47.02000000000001,1,1,1.0
80,4,775.4,229.7,174.80000000000007,101.5,1,1,1.0
81,2,206.56,248.92,98.44,47.06000000000003,1,1,1.0
81,4,767.9,233.7,182.30000000000007,97.5,1,1,1.0
81,5,752.2,256.97,29.329999999999927,35.309999999999945,1,1,1.0
81,6,921.83,235.51,32.219999999999914,35.09000000000003,1,1,1.0
82,2,206.56,248.92,98.44,47.09,1,1,1.0
82,4,759.8,235.43,178.8900000000001,97.46999999999997,1,1,1.0
82,5,741.3,259.3,40.23000000000002,32.97999999999996,1,1,1.0
82,6,921.83,235.51,27.569999999999936,35.09000000000003,1,1,1.0
83,2,206.56,248.92,98.44,47.130000000000024,1,1,1.0
83,4,751.63,237.66,178.89,97.47,1,1,1.0
83,5,730.53,260.41,40.23000000000002,32.97999999999996,1,1,1.0
83,6,921.83,241.1,19.769999999999982,29.50000000000003,1,1,1.0
84,2,206.56,248.92,98.44,47.16,1,1,1.0
84,4,742.7,240.26,181.14,97.50999999999999,1,1,1.0
84,5,720.13,260.41,40.23000000000002,32.97999999999996,1,1,1.0
84,6,916.63,242.58,19.769999999999982,29.509999999999962,1,1,1.0
85,2,206.56,248.92,98.44,47.20000000000002,1,1,1.0
85,4,730.07,242.11,191.13,96.38999999999999,1,1,1.0
85,5,707.5,261.53,43.89999999999998,33.670000000000016,1,1,1.0
85,6,916.63,242.6,12.669999999999959,29.48999999999998,1,1,1.0
86,2,206.56,248.92,98.44,47.22999999999999,1,1,1.0
86,4,723.39,239.88,191.12,103.12,1,1,1.0
86,5,697.47,263.01,43.89999999999998,33.68000000000001,1,1,1.0
86,6,907.71,244.46,12.67999999999995,29.47999999999999,1,1,1.0
87,2,206.56,248.92,98.44,47.27000000000001,1,1,1.0
87,4,714.84,241.37,191.13,103.12,1,1,1.0
87,5,687.07,262.64,43.89999999999998,33.670000000000016,1,1,1.0
87,6,892.12,241.86,28.279999999999973,35.839999999999975,1,1,1.0
88,2,206.56,248.92,98.44,47.30000000000004,1,1,1.0
88,4,708.16,244.34,191.13,103.11999999999998,1,1,1.0
88,5,674.45,262.64,43.889999999999986,33.670000000000016,1,1,1.0
88,6,892.12,241.86,18.279999999999973,35.839999999999975,1,1,1.0
89,2,206.56,248.92,98.44,47.34,1,1,1.0
89,4,696.6,243.6,195.63,103.1,1,1,1.0
89,5,662.6,262.64,55.74000000000001,34.06,1,1,1.0
89,6,892.12,241.86,11.17999999999995,35.839999999999975,1,1,1.0
90,2,206.56,248.92,98.44,47.37000000000003,1,1,1.0
90,4,682.5,247.31,201.19000000000005,105.75,1,1,1.0
90,5,651.46,264.5,55.74000000000001,34.06,1,1,1.0
90,6,856.3,241.7,40.54000000000008,36.94,1,1,1.0
91,2,206.56,248.92,98.44,47.41,1,1,1.0
91,4,676.93,242.86,201.19000000000005,105.74000000000001,1,1,1.0
91,5,639.94,265.24,55.75,34.06,1,1,1.0
91,6,844.95,244.8,43.44999999999993,33.26999999999998,1,1,1.0
92,2,206.56,248.92,98.44,47.440000000000026,1,1,1.0
92,4,661.3,242.49,213.10000000000002,118.00999999999999,1,1,1.0
92,5,626.2,265.98,65.39999999999998,36.620000000000005,1,1,1.0
92,6,844.95,244.8,35.25,33.26999999999998,1,1,1.0
93,2,206.56,248.92,98.44,47.47999999999999,1,1,1.0
93,4,652.39,243.6,213.10000000000002,118.01000000000002,1,1,1.0
93,5,615.8,266.73,65.40000000000009,36.60999999999996,1,1,1.0
93,6,821.5,244.8,58.700000000000045,38.099999999999966,1,1,1.0
94,2,206.56,248.92,98.44,47.51000000000002,1,1,1.0
94,4,640.9,243.23,220.87,117.97,1,1,1.0
94,5,602.43,266.73,82.07000000000005,36.56999999999999,1,1,1.0
94,6,813.0,244.8,53.10000000000002,38.099999999999966,1,1,1.0
95,2,206.56,248.92,98.44,47.55000000000004,1,1,1.0
95,4,631.45,247.09,220.87,117.97999999999999,1,1,1.0
95,5,587.82,266.3,82.06999999999994,36.56999999999999,1,1,1.0
95,6,813.0,244.8,48.39999999999998,38.099999999999966,1,1,1.0
96,2,206.56,248.92,98.44,47.58000000000001,1,1,1.0
96,4,608.24,247.09,235.96000000000004,119.71000000000001,1,1,1.0
96,5,578.37,265.44,82.05999999999995,36.56999999999999,1,1,1.0
96,6,813.0,244.8,39.39999999999998,38.099999999999966,1,1,1.0
97,2,206.56,248.92,98.44,47.62000000000003,1,1,1.0
97,4,602.65,250.96,235.96000000000004,119.71000000000001,1,1,1.0
97,5,565.05,266.3,82.06000000000006,36.56999999999999,1,1,1.0
97,6,777.3,243.5,75.10000000000002,39.39999999999998,1,1,1.0
98,2,206.56,248.92,98.44,47.650000000000006,1,1,1.0
98,4,593.2,253.11,235.95999999999992,119.70999999999998,1,1,1.0
98,5,550.0,268.02,82.07000000000005,36.56999999999999,1,1,1.0
98,6,777.3,243.5,58.80000000000007,39.39999999999998,1,1,1.0
99,2,206.56,248.92,98.44,47.690000000000026,1,1,1.0
99,4,579.9,253.54,242.38,124.46000000000001,1,1,1.0
99,5,541.4,268.02,90.67000000000007,36.98000000000002,1,1,1.0
99,6,753.7,243.9,70.79999999999995,38.99999999999997,1,1,1.0
100,2,206.56,248.92,98.44,47.72,1,1,1.0
100,4,568.3,256.55,242.38,124.45999999999998,1,1,1.0
100,5,522.9,268.02,109.17000000000007,38.68000000000001,1,1,1.0
100,6,744.68,246.48,70.80000000000007,39.00000000000003,1,1,1.0
101,2,206.56,248.92,98.44,47.76000000000002,1,1,1.0
101,4,545.1,256.98,259.14,126.21999999999997,1,1,1.0
101,5,505.28,268.45,109.17000000000007,38.68000000000001,1,1,1.0
101,6,734.79,248.2,70.80000000000007,39.0,1,1,1.0
102,2,206.56,248.92,98.44,47.78999999999999,1,1,1.0
102,4,536.5,261.28,259.14,126.22000000000003,1,1,1.0
102,5,494.54,269.3,109.17000000000002,38.69,1,1,1.0
102,6,725.34,249.06,70.79999999999995,39.0,1,1,1.0
103,2,206.56,248.92,98.44,47.83000000000001,1,1,1.0
103,4,530.49,259.99,259.13,126.21999999999997,1,1,1.0
103,5,482.94,269.73,109.17000000000002,38.69,1,1,1.0
103,6,716.74,250.35,70.79999999999995,39.00000000000003,1,1,1.0
104,2,206.56,248.92,98.44,47.859999999999985,1,1,1.0
104,4,512.4,262.56,266.05000000000007,132.24,1,1,1.0
104,5,466.61,271.02,109.16999999999996,38.69,1,1,1.0
104,6,706.0,251.21,70.79999999999995,38.98999999999998,1,1,1.0
104,7,942.85,228.98,17.149999999999977,41.680000000000035,1,1,1.0
105,2,206.56,248.92,98.44,47.900000000000006,1,1,1.0
105,4,500.41,264.71,272.46,137.01000000000005,1,1,1.0
105,5,453.72,271.02,109.16999999999996,38.69,1,1,1.0
105,6,683.61,254.19,84.60000000000002,37.31,1,1,1.0
105,7,942.85,226.1,17.149999999999977,44.56000000000003,1,1,1.0
106,2,206.56,248.92,98.44,47.930000000000035,1,1,1.0
106,4,488.81,264.71,272.45,137.01000000000005,1,1,1.0
106,5,442.11,271.45,109.16999999999996,38.69,1,1,1.0
106,6,673.29,253.33,84.60000000000002,37.309999999999974,1,1,1.0
106,7,942.85,207.1,17.149999999999977,63.56000000000003,1,1,1.0
107,2,206.56,248.92,98.44,47.97,1,1,1.0
107,4,468.6,264.71,283.2099999999999,142.99,1,1,1.0
107,5,428.79,271.45,109.17000000000002,38.69,1,1,1.0
107,6,664.27,252.9,84.60000000000002,37.309999999999974,1,1,1.0
107,7,936.82,207.1,23.17999999999995,65.88000000000002,1,1,1.0
108,2,206.56,248.92,98.44,48.00000000000003,1,1,1.0
108,4,459.39,264.71,283.21000000000004,142.99,1,1,1.0
108,5,415.56,272.6,109.17000000000002,38.69,1,1,1.0
108,6,649.3,252.9,89.79000000000008,38.99999999999997,1,1,1.0
108,7,930.8,207.1,29.200000000000045,68.20000000000002,1,1,1.0
109,2,206.56,248.92,98.44,48.03999999999999,1,1,1.0
109,4,434.1,270.47,297.0,148.13,1,1,1.0
109,5,400.0,273.75,110.35000000000002,42.75,1,1,1.0
109,6,629.2,252.9,96.07999999999993,40.70000000000002,1,1,1.0
109,7,927.35,207.1,32.64999999999998,69.04999999999998,1,1,1.0
110,2,206.56,248.92,98.44,48.07000000000002,1,1,1.0
110,4,423.74,272.77,297.0,148.13,1,1,1.0
110,5,385.04,274.9,110.34999999999997,42.75,1,1,1.0
110,6,617.12,253.48,96.08000000000004,40.70000000000002,1,1,1.0
110,7,923.9,207.1,36.10000000000002,69.9,1,1,1.0
111,2,206.56,248.92,98.44,48.109999999999985,1,1,1.0
111,4,406.5,275.64,307.34000000000003,153.34000000000003,1,1,1.0
111,5,372.96,274.9,110.35000000000002,42.75,1,1,1.0
111,6,606.19,254.63,96.07999999999993,40.69999999999999,1,1,1.0
111,7,918.45,207.1,41.549999999999955,70.75000000000003,1,1,1.0
112,2,206.56,248.92,98.44,48.140000000000015,1,1,1.0
112,4,389.8,274.49,311.96,155.61,1,1,1.0
112,5,359.15,277.21,110.36000000000001,42.74000000000001,1,1,1.0
112,6,589.52,256.33,100.67000000000007,40.72000000000003,1,1,1.0
112,7,913.0,207.1,47.0,71.6,1,1,1.0
113,2,206.56,248.92,98.44,48.180000000000035,1,1,1.0
113,4,365.6,275.07,325.23,161.32999999999998,1,1,1.0
113,5,342.47,274.91,110.34999999999997,42.73999999999995,1,1,1.0
113,6,579.74,256.33,100.66999999999996,40.72000000000003,1,1,1.0
113,7,908.95,207.1,51.049999999999955,73.35,1,1,1.0
114,2,206.56,248.92,98.44,48.21000000000001,1,1,1.0
114,4,356.97,279.1,325.23,161.32999999999998,1,1,1.0
114,5,330.96,275.48,110.36000000000001,42.75,1,1,1.0
114,6,567.08,256.9,100.66999999999996,40.73000000000002,1,1,1.0
114,7,904.9,207.1,55.10000000000002,75.1,1,1,1.0
115,2,206.56,248.92,98.44,48.25000000000003,1,1,1.0
115,4,336.22,281.97,333.9,166.55999999999995,1,1,1.0
115,5,317.16,276.63,110.34999999999997,42.75,1,1,1.0
115,6,553.28,256.9,100.66000000000008,40.73000000000002,1,1,1.0
115,7,901.75,207.1,58.25,73.95000000000002,1,1,1.0
116,2,206.56,248.92,98.44,48.28,1,1,1.0
116,4,321.8,279.1,341.41,173.5,1,1,1.0
116,5,300.47,276.06,110.34999999999997,42.74000000000001,1,1,1.0
116,6,541.77,259.78,100.67000000000007,40.72000000000003,1,1,1.0
116,7,898.6,207.1,61.39999999999998,72.79999999999998,1,1,1.0
117,2,206.56,248.92,98.44,48.32000000000002,1,1,1.0
117,4,290.2,280.82,358.05,172.38,1,1,1.0
117,5,283.21,278.36,110.36000000000001,42.74000000000001,1,1,1.0
117,6,513.6,259.8,113.88,41.27999999999997,1,1,1.0
117,7,894.0,208.25,66.0,72.25,1,1,1.0
118,2,206.56,248.92,98.44,48.349999999999994,1,1,1.0
118,4,287.5,284.39,348.28,167.91000000000003,1,1,1.0
118,5,261.71,280.27,123.88,46.05000000000001,1,1,1.0
118,6,504.69,261.58,113.88000000000005,41.28000000000003,1,1,1.0
118,7,884.2,208.25,75.79999999999995,73.14999999999998,1,1,1.0
119,2,206.56,248.92,98.44,48.390000000000015,1,1,1.0
119,4,256.3,286.17,366.99999999999994,183.02999999999997,1,1,1.0
119,5,251.02,280.27,123.86999999999998,46.04000000000002,1,1,1.0
119,6,489.54,261.58,113.87999999999994,41.28000000000003,1,1,1.0
119,7,880.19,208.7,75.79999999999995,73.15000000000003,1,1,1.0
120,2,206.56,248.92,98.44,48.41999999999999,1,1,1.0
120,4,234.9,286.17,376.82000000000005,190.13,1,1,1.0
120,5,232.31,280.27,123.87,46.04000000000002,1,1,1.0
120,6,476.17,261.58,113.88999999999993,41.28000000000003,1,1,1.0
120,7,876.18,209.14,75.80000000000007,73.15000000000003,1,1,1.0
121,2,206.56,248.92,98.44,48.46000000000001,1,1,1.0
121,4,204.58,288.87,394.65999999999997,179.39999999999998,1,1,1.0
121,5,218.05,280.27,123.87,46.04000000000002,1,1,1.0
121,6,460.13,264.26,113.88999999999999,41.26999999999998,1,1,1.0
121,7,871.72,209.14,75.79999999999995,73.15000000000003,1,1,1.0
122,2,206.56,248.92,98.44,48.49000000000004,1,1,1.0
122,4,176.1,288.87,423.14,197.23000000000002,1,1,1.0
122,5,196.66,282.94,123.88000000000002,46.05000000000001,1,1,1.0
122,6,445.88,264.26,113.88,41.26999999999998,1,1,1.0
122,7,869.94,210.03,75.79999999999995,73.15,1,1,1.0
123,2,206.56,248.92,98.44,48.53,1,1,1.0
123,4,156.5,298.67,423.14,197.22999999999996,1,1,1.0
123,5,185.97,283.83,123.86999999999998,46.05000000000001,1,1,1.0
123,6,430.73,265.15,113.88,41.27000000000004,1,1,1.0
123,7,865.49,209.14,75.79999999999995,73.15000000000003,1,1,1.0
124,2,206.56,248.92,98.44,48.56000000000003,1,1,1.0
124,4,140.46,303.13,423.14,197.23000000000002,1,1,1.0
124,5,167.26,284.73,123.87,46.039999999999964,1,1,1.0
124,6,419.14,265.15,113.88999999999999,41.27000000000004,1,1,1.0
124,7,860.14,211.82,75.80000000000007,73.15000000000003,1,1,1.0
125,2,206.56,248.92,98.44,48.599999999999994,1,1,1.0
125,4,111.9,300.45,436.55000000000007,205.25,1,1,1.0
125,5,151.22,284.73,123.86999999999998,46.039999999999964,1,1,1.0
125,6,407.56,266.93,113.88000000000005,41.27999999999997,1,1,1.0
125,7,850.3,210.92,83.86000000000001,74.08000000000001,1,1,1.0
126,2,206.56,248.92,98.44,48.630000000000024,1,1,1.0
126,4,72.7,305.8,462.39000000000004,217.7,1,1,1.0
126,5,133.4,284.73,123.86999999999998,46.039999999999964,1,1,1.0
126,6,390.63,267.82,113.88,41.28000000000003,1,1,1.0
126,7,836.9,212.71,99.04000000000008,74.09,1,1,1.0
127,2,206.56,248.92,98.44,48.66999999999999,1,1,1.0
127,4,49.5,305.8,471.29999999999995,221.3,1,1,1.0
127,5,116.39,287.44,127.61,54.0,1,1,1.0
127,6,372.8,267.82,131.70999999999998,44.879999999999995,1,1,1.0
127,7,831.55,212.71,99.04000000000008,74.09,1,1,1.0
128,2,206.56,248.92,98.44,48.70000000000002,1,1,1.0
128,4,34.4,305.8,470.40000000000003,229.3,1,1,1.0
128,5,98.57,290.11,127.6,54.00999999999999,1,1,1.0
128,6,358.54,267.82,131.70999999999998,44.879999999999995,1,1,1.0
128,7,826.21,212.71,99.03999999999996,74.09,1,1,1.0
129,2,206.56,248.92,98.44,48.74000000000004,1,1,1.0
129,4,0.0,307.58,493.22,232.42000000000002,1,1,1.0
129,5,79.86,294.57,127.60000000000001,54.0,1,1,1.0
129,6,341.61,271.38,131.70999999999998,44.879999999999995,1,1,1.0
129,7,819.52,212.71,99.03999999999996,74.09,1,1,1.0
130,2,206.56,248.92,98.44,48.77000000000001,1,1,1.0
130,4,0.0,312.04,479.85,227.95999999999998,1,1,1.0
130,5,61.14,294.57,127.61,54.0,1,1,1.0
130,6,321.16,266.04,131.66999999999996,52.94,1,1,1.0
130,7,812.84,212.71,99.03999999999996,74.09,1,1,1.0
131,2,206.56,248.92,98.44,48.81000000000003,1,1,1.0
131,4,0.0,312.04,458.5,227.95999999999998,1,1,1.0
131,5,45.99,296.35,127.60999999999999,54.0,1,1,1.0
131,6,312.25,266.04,131.67000000000002,52.94,1,1,1.0
131,7,808.39,212.71,99.03999999999996,74.09,1,1,1.0
132,2,206.56,248.92,98.44,48.84,1,1,1.0
132,4,0.0,312.04,444.2,227.95999999999998,1,1,1.0
132,5,23.72,297.16,134.68,54.15999999999997,1,1,1.0
132,6,295.32,271.38,131.67000000000002,52.94999999999999,1,1,1.0
132,7,798.58,214.49,99.03999999999996,74.08999999999997,1,1,1.0
133,2,206.56,248.92,98.44,48.880000000000024,1,1,1.0
133,4,0.0,317.4,426.3,222.60000000000002,1,1,1.0
133,5,9.46,298.05,134.67999999999998,54.15999999999997,1,1,1.0
133,6,285.52,273.17,131.68,52.93000000000001,1,1,1.0
133,7,794.57,214.49,99.03999999999996,74.08999999999997,1,1,1.0
134,2,206.56,248.92,98.44,48.91,1,1,1.0
134,4,0.0,321.9,410.3,218.10000000000002,1,1,1.0
134,5,-6.58,302.51,134.68,54.160000000000025,1,1,1.0
134,6,265.92,272.28,131.68,52.93000000000001,1,1,1.0
134,7,790.56,214.49,99.04000000000008,74.08999999999997,1,1,1.0
134,8,684.15,519.83,79.31000000000006,20.16999999999996,1,1,1.0
135,2,206.56,248.92,98.44,48.95000000000002,1,1,1.0
135,4,0.0,322.8,391.6,217.2,1,1,1.0
135,5,-6.58,302.26,111.48,54.670000000000016,1,1,1.0
135,6,254.33,272.28,131.67999999999998,52.93000000000001,1,1,1.0
135,7,782.54,214.49,99.04000000000008,74.08999999999997,1,1,1.0
135,8,684.15,521.6,118.55000000000007,18.399999999999977,1,1,1.0
136,2,206.56,248.92,98.44,48.97999999999999,1,1,1.0
136,4,0.0,332.6,372.0,207.39999999999998,1,1,1.0
136,5,-6.59,302.03,90.99000000000001,55.13000000000005,1,1,1.0
136,6,237.4,274.95,131.67999999999998,52.93000000000001,1,1,1.0
136,7,775.42,216.27,99.04000000000008,74.09,1,1,1.0
136,8,685.04,510.0,130.1500000000001,30.0,1,1,1.0
137,2,206.56,248.92,98.44,49.02000000000001,1,1,1.0
137,4,0.0,332.6,356.0,207.39999999999998,1,1,1.0
137,5,-6.52,308.02,71.28999999999999,49.360000000000014,1,1,1.0
137,6,219.58,277.62,131.67999999999998,52.94,1,1,1.0
137,7,768.29,216.27,99.04000000000008,74.09,1,1,1.0
137,8,685.04,508.2,150.66000000000008,31.80000000000001,1,1,1.0
138,2,206.56,248.92,98.44,49.05000000000004,1,1,1.0
138,4,0.0,337.1,338.2,202.89999999999998,1,1,1.0
138,5,-6.52,307.8,53.519999999999996,49.789999999999964,1,1,1.0
138,6,204.43,279.41,131.68,52.92999999999995,1,1,1.0
138,7,763.83,218.94,99.03999999999996,74.10000000000002,1,1,1.0
138,8,685.04,498.4,164.96000000000004,41.60000000000002,1,1,1.0
139,2,206.56,248.92,98.44,49.09,1,1,1.0
139,4,0.0,338.9,315.0,201.10000000000002,1,1,1.0
139,5,-6.5,309.37,38.32,48.389999999999986,1,1,1.0
139,6,189.28,280.3,131.67999999999998,52.93000000000001,1,1,1.0
139,7,756.71,219.84,99.02999999999997,74.09,1,1,1.0
139,8,694.4,491.25,166.30000000000007,48.75,1,1,1.0
140,2,206.56,248.92,98.44,49.12000000000003,1,1,1.0
140,4,0.0,344.2,296.3,195.8,1,1,1.0
140,5,-6.51,309.16,24.11,48.75999999999999,1,1,1.0
140,6,170.57,278.51,131.68,52.94,1,1,1.0
140,7,745.1,219.84,105.29999999999995,81.26000000000002,1,1,1.0
140,8,703.75,484.1,167.64999999999998,55.89999999999998,1,1,1.0
141,2,206.56,248.92,98.44,49.16,1,1,1.0
141,4,0.0,348.7,279.4,191.3,1,1,1.0
141,6,155.42,280.3,131.68000000000004,52.93000000000001,1,1,1.0
141,7,737.08,219.84,105.29999999999995,81.26000000000002,1,1,1.0
141,8,719.33,482.76,156.9699999999999,57.24000000000001,1,1,1.0
142,2,206.56,248.92,98.44,49.190000000000026,1,1,1.0
142,4,0.0,354.9,249.1,185.10000000000002,1,1,1.0
142,6,137.6,282.08,131.67999999999998,52.93000000000001,1,1,1.0
142,7,731.29,220.28,105.30000000000007,81.27000000000001,1,1,1.0
142,8,734.9,481.43,146.30000000000007,58.56999999999999,1,1,1.0
143,2,206.56,248.92,98.44,49.22999999999999,1,1,1.0
143,4,0.0,356.7,229.5,183.3,1,1,1.0
143,6,117.1,283.86,137.92000000000002,54.74000000000001,1,1,1.0
143,7,725.5,220.73,105.28999999999996,81.26000000000002,1,1,1.0
143,8,740.25,473.43,156.10000000000002,66.57,1,1,1.0
144,2,206.56,248.92,98.44,49.26000000000002,1,1,1.0
144,4,0.0,358.5,212.6,181.5,1,1,1.0
144,6,101.95,284.75,137.92000000000002,54.74000000000001,1,1,1.0
144,7,716.58,219.83,105.29999999999995,81.27000000000001,1,1,1.0
144,8,747.38,468.97,156.10000000000002,71.02999999999997,1,1,1.0
145,2,206.56,248.92,98.44,49.30000000000004,1,1,1.0
145,4,0.0,363.8,183.2,176.2,1,1,1.0
145,6,79.7,285.64,141.45999999999998,56.56,1,1,1.0
145,7,703.2,222.51,113.33999999999992,82.19,1,1,1.0
145,8,754.5,464.52,156.10000000000002,75.48000000000002,1,1,1.0
146,2,206.56,248.92,98.44,49.33000000000001,1,1,1.0
146,4,0.0,370.9,152.9,169.10000000000002,1,1,1.0
146,6,65.44,285.64,141.46,56.56,1,1,1.0
146,7,696.07,222.51,113.33999999999992,82.19,1,1,1.0
146,8,780.3,462.73,133.87,77.26999999999998,1,1,1.0
147,2,206.56,248.92,98.44,49.37000000000003,1,1,1.0
147,4,0.0,374.5,134.2,165.5,1,1,1.0
147,6,48.5,286.53,145.04,56.57000000000005,1,1,1.0
147,7,688.94,222.51,113.33999999999992,82.19,1,1,1.0
147,8,783.9,455.6,135.62,84.39999999999998,1,1,1.0
148,2,206.56,248.92,98.44,49.400000000000006,1,1,1.0
148,4,0.0,385.2,104.8,154.8,1,1,1.0
148,6,28.9,286.53,145.03,58.370000000000005,1,1,1.0
148,7,682.7,224.29,113.33999999999992,82.19000000000003,1,1,1.0
148,8,798.2,452.04,126.65999999999997,84.35999999999996,1,1,1.0
149,2,206.56,248.92,98.44,49.440000000000026,1,1,1.0
149,4,0.0,384.3,81.6,155.7,1,1,1.0
149,6,12.86,290.1,145.02999999999997,58.35999999999996,1,1,1.0
149,7,677.36,224.29,113.33000000000004,82.19000000000003,1,1,1.0
149,8,803.55,448.48,126.66000000000008,84.36000000000001,1,1,1.0
150,2,206.56,248.92,98.44,49.47,1,1,1.0
150,4,0.0,395.0,53.1,145.0,1,1,1.0
150,6,0.0,291.88,143.64,58.370000000000005,1,1,1.0
150,7,665.77,224.29,113.34000000000003,82.19000000000003,1,1,1.0
150,8,811.57,439.56,126.65999999999997,84.35999999999996,1,1,1.0
151,2,206.56,248.92,98.44,49.51000000000002,1,1,1.0
151,4,0.0,402.1,17.5,137.89999999999998,1,1,1.0
151,6,0.0,292.8,120.5,57.44999999999999,1,1,1.0
151,7,658.64,225.18,113.34000000000003,82.19,1,1,1.0
151,8,824.0,439.56,114.23000000000002,83.44,1,1,1.0
152,2,206.56,248.92,98.44,49.53999999999999,1,1,1.0
152,6,0.0,292.8,105.4,59.19999999999999,1,1,1.0
152,7,648.84,224.29,113.33999999999992,82.19000000000003,1,1,1.0
152,8,832.9,429.76,108.88999999999999,91.44000000000005,1,1,1.0
153,2,206.56,248.92,98.44,49.58000000000001,1,1,1.0
153,6,0.0,291.0,87.6,61.0,1,1,1.0
153,7,639.93,224.29,113.34000000000003,82.19000000000003,1,1,1.0
153,8,842.7,429.76,99.08999999999992,86.94000000000005,1,1,1.0
154,2,206.56,248.92,98.44,49.58000000000001,1,1,1.0
154,6,0.0,291.0,71.6,64.60000000000002,1,1,1.0
154,7,631.91,224.29,113.34000000000003,82.19000000000003,1,1,1.0
154,8,850.7,429.76,91.08999999999992,80.63999999999999,1,1,1.0
155,2,206.56,248.92,98.44,49.58000000000001,1,1,1.0
155,6,0.0,291.0,54.7,69.10000000000002,1,1,1.0
155,7,617.7,224.29,122.19999999999993,84.01000000000002,1,1,1.0
155,8,854.26,420.85,91.10000000000002,80.63999999999999,1,1,1.0
156,2,206.56,248.92,98.44,49.58000000000001,1,1,1.0
156,6,0.0,293.7,31.5,66.40000000000003,1,1,1.0
156,7,607.9,225.18,122.20000000000005,84.00999999999999,1,1,1.0
156,8,864.1,420.85,81.25999999999999,77.04999999999995,1,1,1.0
157,2,206.56,248.92,98.44,49.58000000000001,1,1,1.0
157,6,0.0,296.4,14.6,63.700000000000045,1,1,1.0
157,7,598.1,225.18,122.19999999999993,84.00999999999999,1,1,1.0
157,8,871.23,413.72,81.25999999999999,77.04999999999995,1,1,1.0
158,2,206.56,248.92,98.44,49.58000000000001,1,1,1.0
158,7,592.75,225.18,122.20000000000005,84.00999999999999,1,1,1.0
158,8,873.9,413.72,78.59000000000003,77.07999999999998,1,1,1.0
159,2,206.56,248.92,98.44,49.58000000000001,1,1,1.0
159,7,582.06,224.29,122.20000000000005,84.01000000000002,1,1,1.0
159,8,873.9,406.59,78.59000000000003,77.08000000000004,1,1,1.0
160,2,206.56,248.92,98.44,49.58000000000001,1,1,1.0
160,7,570.47,224.29,122.20999999999992,84.01000000000002,1,1,1.0
160,8,879.25,405.7,78.58000000000004,77.07999999999998,1,1,1.0
161,2,206.56,248.92,98.44,49.58000000000001,1,1,1.0
161,7,560.67,227.85,122.20000000000005,84.01000000000002,1,1,1.0
161,8,899.74,399.46,60.25999999999999,77.08000000000004,1,1,1.0
162,2,206.56,248.92,98.44,49.58000000000001,1,1,1.0
162,7,552.65,227.85,122.20000000000005,84.01000000000002,1,1,1.0
162,8,903.32,399.46,56.67999999999995,72.61000000000001,1,1,1.0
163,2,206.56,248.92,98.44,49.58000000000001,1,1,1.0
163,7,543.74,230.53,122.20000000000005,84.01000000000002,1,1,1.0
163,8,906.9,399.46,53.10000000000002,68.14000000000004,1,1,1.0
164,2,206.56,248.92,98.44,49.58000000000001,1,1,1.0
164,7,531.26,230.53,122.21000000000004,84.01000000000002,1,1,1.0
164,8,906.9,395.9,53.10000000000002,68.14000000000004,1,1,1.0
165,2,206.56,248.92,98.44,49.58000000000001,1,1,1.0
165,7,517.0,228.75,130.23000000000002,84.05000000000001,1,1,1.0
165,8,914.9,395.9,45.10000000000002,65.47000000000003,1,1,1.0
166,2,206.56,248.92,98.44,49.58000000000001,1,1,1.0
166,7,506.31,228.75,130.22999999999996,84.05000000000001,1,1,1.0
166,8,922.9,395.9,37.10000000000002,62.80000000000001,1,1,1.0
167,2,206.56,248.92,98.44,49.58000000000001,1,1,1.0
167,7,496.5,228.75,130.23000000000002,84.05000000000001,1,1,1.0
167,8,922.45,395.45,37.09999999999991,62.80000000000001,1,1,1.0
168,2,206.56,248.92,98.44,49.58000000000001,1,1,1.0
168,7,484.03,234.09,130.23000000000002,84.05999999999997,1,1,1.0
169,2,206.56,248.92,98.44,49.58000000000001,1,1,1.0
169,7,468.0,233.2,136.46000000000004,82.30000000000001,1,1,1.0
170,2,206.56,248.92,98.44,49.58000000000001,1,1,1.0
170,7,457.31,234.09,136.45,82.29999999999998,1,1,1.0
171,2,206.56,248.92,98.44,49.58000000000001,1,1,1.0
171,7,446.61,233.2,136.46000000000004,82.30000000000001,1,1,1.0
172,2,206.56,248.92,98.44,49.58000000000001,1,1,1.0
172,7,435.92,233.2,136.45999999999998,82.30000000000001,1,1,1.0
173,2,206.56,248.92,98.44,49.58000000000001,1,1,1.0
173,7,425.23,233.2,136.44999999999993,82.30000000000001,1,1,1.0
174,2,206.56,248.92,98.44,49.58000000000001,1,1,1.0
174,7,410.97,234.09,136.45999999999992,82.29999999999998,1,1,1.0
175,2,206.56,248.92,98.44,49.58000000000001,1,1,1.0
175,7,403.84,235.87,136.45999999999998,82.30000000000001,1,1,1.0
176,2,206.56,248.92,98.44,49.58000000000001,1,1,1.0
176,7,392.26,235.87,136.45000000000005,82.30000000000001,1,1,1.0
177,2,206.56,248.92,98.44,49.58000000000001,1,1,1.0
177,7,380.67,238.55,136.45999999999998,82.28999999999996,1,1,1.0
178,2,206.56,248.92,98.44,49.58000000000001,1,1,1.0
178,7,370.87,238.55,136.45999999999998,82.28999999999996,1,1,1.0
179,2,206.56,248.92,98.44,49.58000000000001,1,1,1.0
179,7,352.2,238.55,142.65000000000003,83.14999999999998,1,1,1.0
180,2,206.56,248.92,98.44,49.58000000000001,1,1,1.0
180,7,344.18,238.55,142.64999999999998,83.14999999999998,1,1,1.0
181,2,206.56,248.92,98.44,49.58000000000001,1,1,1.0
181,7,333.49,238.55,142.64999999999998,83.14999999999998,1,1,1.0
182,2,206.56,248.92,98.44,49.58000000000001,1,1,1.0
182,7,324.58,238.55,142.65000000000003,83.14999999999998,1,1,1.0
183,2,206.56,248.92,98.44,49.58000000000001,1,1,1.0
183,7,309.43,238.55,142.64999999999998,83.14999999999998,1,1,1.0
184,2,206.56,248.92,98.44,49.58000000000001,1,1,1.0
184,7,298.74,238.55,142.64999999999998,83.14999999999998,1,1,1.0
185,2,206.56,248.92,98.44,49.58000000000001,1,1,1.0
185,7,290.72,238.55,142.64999999999998,83.14999999999998,1,1,1.0
186,2,206.56,248.92,98.44,49.58000000000001,1,1,1.0
186,7,280.91,239.44,142.65999999999997,83.14999999999998,1,1,1.0
187,2,206.56,248.92,98.44,49.58000000000001,1,1,1.0
187,7,268.44,242.11,142.64999999999998,83.14999999999998,1,1,1.0
188,2,206.56,248.92,98.44,49.58000000000001,1,1,1.0
188,7,249.7,242.11,150.7,83.19,1,1,1.0
189,2,206.56,248.92,98.44,49.58000000000001,1,1,1.0
189,7,241.68,242.11,150.7,83.19,1,1,1.0
190,2,206.56,248.92,98.44,49.58000000000001,1,1,1.0
190,7,229.21,242.11,150.68999999999997,83.19,1,1,1.0
